# Nota: C-Order, 1 refers to the Y axis, 2 to the X axis 
# Calibration done at Thu Apr 15 16:50:53 2021
poni_version: 2
Detector: Eiger4M
Detector_config: {}
Distance: 0.14272763258678073
Poni1: 0.08934995385569842
Poni2: 0.08525655023331027
Rot1: 0.0037011088219755114
Rot2: 0.007086159618375456
Rot3: -1.1322959640127316e-08
Wavelength: 9.537246033323096e-11
