# Nota: C-Order, 1 refers to the Y axis, 2 to the X axis 
# Calibration done at Tue Apr 20 19:29:46 2021
poni_version: 2
Detector: Eiger4M
Detector_config: {}
Distance: 0.7393226264959752
Poni1: 0.09881737829551378
Poni2: 0.09354455942148933
Rot1: -0.004317570547075217
Rot2: 0.0008236852158083714
Rot3: -5.791786724727736e-12
Wavelength: 9.537246033323096e-11
