# Nota: C-Order, 1 refers to the Y axis, 2 to the X axis 
# Calibration done at Fri Dec 18 18:44:29 2020
poni_version: 2
Detector: Eiger4M
Detector_config: {}
Distance: 0.7915479698763109
Poni1: 0.0832728469090998
Poni2: 0.06751992848085218
Rot1: -0.003633970116242041
Rot2: 0.011093787704823813
Rot3: 1.917063916458922e-09
Wavelength: 8.265613228880018e-11
