# Nota: C-Order, 1 refers to the Y axis, 2 to the X axis 
# Calibration done at Mon Jul 18 12:06:59 2022
poni_version: 2
Detector: Eiger4M
Detector_config: {}
Distance: 0.2446467332875363
Poni1: 0.08861954653894076
Poni2: 0.08430931519929658
Rot1: -0.0021896910508967405
Rot2: 0.004983606141595213
Rot3: 9.816586223817594e-09
Wavelength: 9.537246033323096e-11
