# Nota: C-Order, 1 refers to the Y axis, 2 to the X axis 
# Calibration done at Thu Apr 29 18:06:19 2021
poni_version: 2
Detector: Eiger4M
Detector_config: {}
Distance: 0.1789302931655455
Poni1: 0.09178430018817624
Poni2: 0.09148788034722072
Rot1: 0.0045460877934735
Rot2: 0.006067883657019769
Rot3: 3.0634091241587648e-09
Wavelength: 9.537246033323096e-11
