# Nota: C-Order, 1 refers to the Y axis, 2 to the X axis 
# Calibration done at Wed Mar  9 20:50:44 2022
poni_version: 2
Detector: Eiger4M
Detector_config: {}
Distance: 0.4432085295703496
Poni1: 0.07213845666965148
Poni2: 0.07319900020082361
Rot1: 0.008270839951781826
Rot2: 0.049884634221479325
Rot3: 9.798004246530383e-10
Wavelength: 9.537246033323096e-11
