# Nota: C-Order, 1 refers to the Y axis, 2 to the X axis 
# Calibration done at Fri Apr  2 10:57:48 2021
poni_version: 2
Detector: Eiger4M
Detector_config: {}
Distance: 0.14262382466146525
Poni1: 0.08976538494684135
Poni2: 0.08552106527769335
Rot1: 0.005434804563904615
Rot2: 0.004278616490541012
Rot3: 4.39831819625697e-08
Wavelength: 9.537246033323096e-11
