# Nota: C-Order, 1 refers to the Y axis, 2 to the X axis 
# Calibration done at Wed Jun  8 18:19:17 2022
poni_version: 2
Detector: Eiger4M
Detector_config: {}
Distance: 0.14466393209434344
Poni1: 0.0917415422105056
Poni2: 0.08803392333847823
Rot1: -0.0013109107635301516
Rot2: 0.0038028749818281617
Rot3: 3.394274021268485e-08
Wavelength: 9.537246033323096e-11
