# Nota: C-Order, 1 refers to the Y axis, 2 to the X axis 
# Calibration done at Wed Jun  8 18:04:08 2022
poni_version: 2
Detector: Eiger4M
Detector_config: {}
Distance: 0.7420040081344819
Poni1: 0.09205121565635531
Poni2: 0.1023684126928995
Rot1: 0.02259237207721472
Rot2: 0.004985852239737222
Rot3: -6.987124384954668e-12
Wavelength: 9.537246033323096e-11
