# Nota: C-Order, 1 refers to the Y axis, 2 to the X axis 
# Calibration done at Fri Feb 26 14:04:26 2021
poni_version: 2
Detector: Eiger4M
Detector_config: {}
Distance: 0.19213387639815277
Poni1: 0.08863599380293878
Poni2: 0.08569995409779183
Rot1: -0.001326784054975859
Rot2: 0.022263115595224835
Rot3: 6.555338354187826e-10
Wavelength: 9.537246033323096e-11
